user_set=8:8:72;
Eb_N0_dB=20;
MLWDF_delay_voice_avg=[1.4025 1.6097 3.0671 4.918 10.7516 16.4757 25.3312 33.5637 41.4917];
MLWDF_delay_video_avg=[1.9817 5.7441 11.9807 33.1009 128.9300 311.5548 359.1695 368.4016 373.1953];
MLWDF_pkt_drop_rate_voice=[0 0 0 0 0 0 0 0 0];
MLWDF_pkt_drop_rate_BE=[0 0 0 0.4974 0.7972 0.8977	0.9440	0.9772	0.9949];
MLWDF_throughput=[1.2943 2.3470 2.9994 3.2528 3.3759 3.4810 3.5083 3.5277 3.5324];
save MLWDF_user_advanced.mat user_set Eb_N0_dB MLWDF_delay_voice_avg MLWDF_delay_video_avg MLWDF_pkt_drop_rate_voice MLWDF_pkt_drop_rate_BE MLWDF_throughput
